//------------------------------------------------------------------------------
// Weight Matrix File Format (10x64, 4-bit quantized weights)
//------------------------------------------------------------------------------
// Format: Binary bracket format - each row contains 64 binary values (4 bits each)
// Each binary value represents a weight (0-15)
// Total: 640 weights (10 rows × 64 columns)
// Example: [0010 0010 0101 1010 ...] where 0010 = 2, 0101 = 5, etc.
//------------------------------------------------------------------------------
[
 [0010 0010 0101 1010 1100 1010 0101 0010 0010 0010 0101 1010 1100 1010 0101 0010 0010 0010 0101 1010 1100 1010 0101 0010 0010 0010 0101 1010 1100 1010 0101 0010 0010 0010 0101 1010 1100 1010 0101 0010 0010 0010 0101 1010 1100 1010 0101 0010 0010 0010 0101 1010 1100 1010 0101 0010 0010 0010 0101 1010 1100 1010 0101 0010]
 [0010 0011 1100 1000 0100 1001 0110 0010 0010 0011 1100 1000 0100 1001 0110 0010 0010 0011 1100 1000 0100 1001 0110 0010 0010 0011 1100 1000 0100 1001 0110 0010 0010 0011 1100 1000 0100 1001 0110 0010 0010 0011 1100 1000 0100 1001 0110 0010 0010 0011 1100 1000 0100 1001 0110 0010 0010 0011 1100 1000 0100 1001 0110 0010]
 [0010 0011 1011 0011 0011 1010 0100 0010 0010 0011 1011 0011 0011 1010 0100 0010 0010 0011 1011 0011 0011 1010 0100 0010 0010 0011 1011 0011 0011 1010 0100 0010 0010 0011 1011 0011 0011 1010 0100 0010 0010 0011 1011 0011 0011 1010 0100 0010 0010 0011 1011 0011 0011 1010 0100 0010 0010 0011 1011 0011 0011 1010 0100 0010]
 [0010 0001 1010 1111 1111 1100 0011 0010 0010 0001 1010 1111 1111 1100 0011 0010 0010 0001 1010 1111 1111 1100 0011 0010 0010 0001 1010 1111 1111 1100 0011 0010 0010 0001 1010 1111 1111 1100 0011 0010 0010 0001 1010 1111 1111 1100 0011 0010 0010 0001 1010 1111 1111 1100 0011 0010 0010 0001 1010 1111 1111 1100 0011 0010]
 [0010 0000 0111 1111 1101 1100 0100 0010 0010 0000 0111 1111 1101 1100 0100 0010 0010 0000 0111 1111 1101 1100 0100 0010 0010 0000 0111 1111 1101 1100 0100 0010 0010 0000 0111 1111 1101 1100 0100 0010 0010 0000 0111 1111 1101 1100 0100 0010 0010 0000 0111 1111 1101 1100 0100 0010 0010 0000 0111 1111 1101 1100 0100 0010]
 [0010 0001 0011 0111 0111 1000 0101 0010 0010 0001 0011 0111 0111 1000 0101 0010 0010 0001 0011 0111 0111 1000 0101 0010 0010 0001 0011 0111 0111 1000 0101 0010 0010 0001 0011 0111 0111 1000 0101 0010 0010 0001 0011 0111 0111 1000 0101 0010 0010 0001 0011 0111 0111 1000 0101 0010 0010 0001 0011 0111 0111 1000 0101 0010]
 [0010 0010 0100 0101 0000 0011 0101 0001 0010 0010 0100 0101 0000 0011 0101 0001 0010 0010 0100 0101 0000 0011 0101 0001 0010 0010 0100 0101 0000 0011 0101 0001 0010 0010 0100 0101 0000 0011 0101 0001 0010 0010 0100 0101 0000 0011 0101 0001 0010 0010 0100 0101 0000 0011 0101 0001 0010 0010 0100 0101 0000 0011 0101 0001]
 [0010 0010 0110 1010 0110 0101 0001 0001 0010 0010 0110 1010 0110 0101 0001 0001 0010 0010 0110 1010 0110 0101 0001 0001 0010 0010 0110 1010 0110 0101 0001 0001 0010 0010 0110 1010 0110 0101 0001 0001 0010 0010 0110 1010 0110 0101 0001 0001 0010 0010 0110 1010 0110 0101 0001 0001 0010 0010 0110 1010 0110 0101 0001 0001]
 [0010 0010 0101 1010 1100 1010 0101 0010 0010 0010 0101 1010 1100 1010 0101 0010 0010 0010 0101 1010 1100 1010 0101 0010 0010 0010 0101 1010 1100 1010 0101 0010 0010 0010 0101 1010 1100 1010 0101 0010 0010 0010 0101 1010 1100 1010 0101 0010 0010 0010 0101 1010 1100 1010 0101 0010 0010 0010 0101 1010 1100 1010 0101 0010]
 [0010 0011 1100 1000 0100 1001 0110 0010 0010 0011 1100 1000 0100 1001 0110 0010 0010 0011 1100 1000 0100 1001 0110 0010 0010 0011 1100 1000 0100 1001 0110 0010 0010 0011 1100 1000 0100 1001 0110 0010 0010 0011 1100 1000 0100 1001 0110 0010 0010 0011 1100 1000 0100 1001 0110 0010 0010 0011 1100 1000 0100 1001 0110 0010]
]
